1024
∗∗∗
15557 267 90
5305 293 72
22724 245 14
∗∗∗
21403 108 91
14744 5 18
28998 255 100
∗∗∗
448 395 83
3369 119 93
2648 332 23
∗∗∗
14224 47 22
1436 323 38
13723 207 37
∗∗∗
24518 219 104
11199 75 80
14644 177 35
∗∗∗
12173 212 31
8090 175 75
5003 136 28
∗∗∗
20032 166 46
24647 165 88
25989 52 72
∗∗∗
8771 174 103
7355 212 15
23543 223 99
∗∗∗
24665 305 87
12032 153 80
16368 134 69
∗∗∗
30918 366 48
28339 180 33
15994 4 52
∗∗∗
16905 352 77
31448 222 34
32748 349 103
∗∗∗
30923 365 100
29818 333 15
31003 158 25
∗∗∗
5694 328 79
7895 159 67
30868 198 62
∗∗∗
2524 273 30
21194 73 86
3032 21 99
∗∗∗
10398 352 13
31459 94 48
24586 137 109
∗∗∗
7001 12 68
32408 68 29
219 6 80
∗∗∗
17647 392 61
17681 343 75
21012 223 19
∗∗∗
31752 313 23
28694 231 64
25182 38 37
∗∗∗
21145 208 73
9924 284 46
28567 163 104
∗∗∗
12550 260 51
6725 368 52
10446 51 22
∗∗∗
25465 157 37
5672 302 72
16069 76 24
∗∗∗
32746 115 86
6320 393 48
8444 91 79
∗∗∗
19363 355 53
9056 374 1
21404 72 63
∗∗∗
22100 329 3
20054 397 85
5106 224 103
∗∗∗
10642 49 59
6202 266 75
4381 191 50
∗∗∗
4759 299 82
21907 230 13
6183 11 13
∗∗∗
3266 270 100
12540 249 89
20407 270 20
∗∗∗
31003 51 95
2559 187 49
18943 331 57
∗∗∗
25641 168 72
9230 137 84
14702 83 2
∗∗∗
21420 162 102
13030 171 37
2590 371 37
∗∗∗
30598 387 86
7481 293 106
11765 383 17
∗∗∗
9284 279 107
2077 362 43
10001 371 8
∗∗∗
10559 48 71
3942 240 32
29744 31 41
∗∗∗
22237 243 6
1870 220 13
19069 137 26
∗∗∗
9712 339 63
31281 118 62
18841 164 85
∗∗∗
28929 19 15
23965 40 57
20264 284 94
∗∗∗
7134 88 54
23596 73 57
16463 29 75
∗∗∗
30794 161 93
13836 68 57
25053 106 21
∗∗∗
10226 4 84
13894 106 107
16382 105 104
∗∗∗
18775 355 69
2252 364 19
18714 53 86
∗∗∗
31365 136 48
18942 331 40
11461 33 78
∗∗∗
13464 24 17
25777 210 45
16341 285 16
∗∗∗
9059 49 1
7424 132 98
21822 25 86
∗∗∗
3007 245 109
12701 142 71
19231 10 55
∗∗∗
20108 273 35
1912 74 96
10125 333 78
∗∗∗
19630 246 23
19345 334 23
32349 383 97
∗∗∗
16042 378 17
14848 10 37
20173 3 60
∗∗∗
30666 99 16
22861 145 36
6856 295 100
∗∗∗
8397 393 52
19810 170 94
5084 360 11
∗∗∗
31389 198 53
30936 146 65
8837 179 67
∗∗∗
3003 354 95
26103 301 16
4939 186 97
∗∗∗
865 182 79
4096 13 94
31521 70 43
∗∗∗
712 230 106
7408 129 27
17268 42 63
∗∗∗
19224 211 32
17931 318 93
20264 360 37
∗∗∗
18268 125 72
22293 347 55
12815 53 47
∗∗∗
14558 336 91
29206 207 52
8071 121 58
∗∗∗
25776 336 94
24806 286 80
20953 139 17
∗∗∗
10424 296 42
17120 196 69
26674 51 73
∗∗∗
17720 68 42
9136 254 59
13045 214 96
∗∗∗
12225 208 44
27843 225 68
30168 85 56
∗∗∗
15525 265 33
3431 234 32
7601 207 9
∗∗∗
18791 212 50
9512 356 15
28116 188 97
∗∗∗
10803 214 63
32124 306 93
8529 181 47
∗∗∗
9608 279 27
21391 7 64
22236 145 31
∗∗∗
12050 217 31
15946 190 62
2111 373 26
∗∗∗
17877 214 32
8359 384 97
16211 162 40
∗∗∗
23741 168 73
11169 187 50
13480 164 86
∗∗∗
12178 119 45
25577 330 70
29530 33 39
∗∗∗
3822 14 63
24822 35 86
7152 58 39
∗∗∗
19382 164 96
13424 91 10
17740 166 33
∗∗∗
1473 298 66
14141 289 32
10827 29 95
∗∗∗
18465 227 33
17912 194 67
16272 126 26
∗∗∗
20547 349 14
6848 212 36
21046 118 95
∗∗∗
27605 207 33
31330 203 63
2814 322 33
∗∗∗
9377 242 53
19264 212 23
30541 109 23
∗∗∗
11142 103 95
1961 364 56
25954 84 48
∗∗∗
31063 34 33
14369 59 80
31249 262 88
∗∗∗
28994 339 78
21789 375 68
32441 107 58
∗∗∗
25278 209 92
17125 365 22
4018 29 94
∗∗∗
26333 381 38
3245 360 76
12348 204 103
∗∗∗
26968 63 76
30065 349 45
15526 10 86
∗∗∗
28319 139 84
23934 260 63
32664 124 44
∗∗∗
20418 261 66
10649 320 90
6650 194 91
∗∗∗
15777 110 18
17428 188 17
28160 163 103
∗∗∗
9510 230 91
15634 47 60
9498 95 78
∗∗∗
30654 307 20
21791 57 34
13287 321 91
∗∗∗
29520 254 85
10901 113 15
17463 344 20
∗∗∗
32767 392 10
17178 342 5
9823 94 61
∗∗∗
11643 80 74
6154 210 91
30809 278 66
∗∗∗
22392 361 36
29101 139 60
13939 4 71
∗∗∗
22004 25 91
2600 148 47
24171 108 18
∗∗∗
27162 288 23
30068 194 8
25951 386 64
∗∗∗
9618 23 41
25627 156 93
15222 187 10
∗∗∗
16577 326 35
24357 303 88
21314 100 7
∗∗∗
25467 27 89
30203 294 48
22339 70 85
∗∗∗
2279 384 50
4595 272 74
15963 34 6
∗∗∗
12965 247 21
16095 3 81
9856 323 40
∗∗∗
28620 118 48
29020 10 96
27283 109 72
∗∗∗
4470 386 71
7274 107 40
23325 86 32
∗∗∗
26990 119 28
337 398 80
9096 57 78
∗∗∗
30375 68 44
22033 180 105
1316 233 53
∗∗∗
20028 296 31
20433 27 47
11314 390 48
∗∗∗
13824 32 60
24833 119 71
30221 166 64
∗∗∗
23506 128 50
20618 23 92
2774 320 65
∗∗∗
27074 273 71
27751 98 85
1606 300 89
∗∗∗
22706 119 73
25884 244 68
19815 21 87
∗∗∗
24207 93 27
29859 68 74
14461 296 75
∗∗∗
17065 316 29
5057 28 82
19083 231 66
∗∗∗
31331 290 40
29780 358 81
5065 259 88
∗∗∗
19165 325 18
28795 182 89
14479 97 28
∗∗∗
28933 54 64
3142 272 25
18106 377 18
∗∗∗
15386 384 100
32476 127 63
2493 266 96
∗∗∗
23021 126 42
13676 346 21
12155 181 47
∗∗∗
10828 269 75
2138 328 83
20776 155 70
∗∗∗
14266 20 5
10488 116 46
15527 326 36
∗∗∗
4748 141 86
28820 365 73
9689 379 62
∗∗∗
25086 98 77
21620 157 70
648 377 99
∗∗∗
21301 116 47
11515 164 99
27686 336 21
∗∗∗
9616 321 42
3386 323 81
581 164 47
∗∗∗
9046 333 22
26793 167 33
21939 132 9
∗∗∗
19323 163 13
222 173 93
27716 69 89
∗∗∗
18434 149 20
194 300 71
8562 58 15
∗∗∗
24568 175 99
6594 5 43
20662 276 36
∗∗∗
29772 245 21
23189 163 108
8874 371 74
∗∗∗
27208 3 18
855 63 22
7170 24 86
∗∗∗
30048 45 33
30072 283 108
23081 363 71
∗∗∗
17783 380 70
23796 88 91
8937 257 99
∗∗∗
26999 374 21
7674 18 31
20057 353 10
∗∗∗
3999 398 15
4367 154 21
464 61 33
∗∗∗
4457 295 63
6838 24 76
19255 257 57
∗∗∗
11185 382 97
15605 104 78
26706 394 12
∗∗∗
28403 329 28
17723 370 48
21140 105 44
∗∗∗
8807 198 88
17465 4 24
17936 379 48
∗∗∗
21850 301 96
31642 127 37
15674 149 47
∗∗∗
12170 62 11
17369 212 83
13163 340 103
∗∗∗
20418 317 83
5089 305 15
15406 245 58
∗∗∗
13379 266 30
8537 225 35
13055 315 55
∗∗∗
14116 76 53
21881 218 33
16681 335 37
∗∗∗
20154 220 7
2074 195 25
15974 181 51
∗∗∗
29854 26 61
20778 362 94
8688 282 30
∗∗∗
7730 1 41
19356 193 85
20608 353 66
∗∗∗
19054 355 106
24571 391 76
28314 180 101
∗∗∗
11785 115 28
23098 374 18
29480 238 7
∗∗∗
1312 55 60
2015 276 13
18002 383 62
∗∗∗
8781 91 67
31484 399 94
21095 243 73
∗∗∗
17562 207 17
19445 114 79
32200 6 18
∗∗∗
21425 116 63
30710 377 55
16317 79 61
∗∗∗
8824 141 7
24684 399 67
25685 245 20
∗∗∗
11723 368 34
22533 36 83
18697 66 92
∗∗∗
1032 290 59
20197 185 62
18131 332 11
∗∗∗
30519 346 63
18140 24 49
14991 356 82
∗∗∗
1852 145 102
23832 389 10
14443 359 9
∗∗∗
19829 113 20
31962 300 100
31369 345 54
∗∗∗
29513 355 87
32367 131 97
13290 101 63
∗∗∗
17239 234 43
18962 301 65
2746 249 79
∗∗∗
28157 11 41
26135 41 28
16694 133 47
∗∗∗
22184 343 87
22180 289 106
18736 339 17
∗∗∗
12947 102 45
28143 283 34
12721 196 62
∗∗∗
13579 83 42
18364 190 37
31748 84 100
∗∗∗
24390 374 14
32592 319 28
23657 18 21
∗∗∗
12347 378 32
1180 292 31
7942 360 56
∗∗∗
20748 382 33
22435 205 92
19011 359 27
∗∗∗
18327 294 9
28250 22 71
29528 117 94
∗∗∗
2129 363 94
1184 47 67
14800 28 2
∗∗∗
29453 139 58
27979 108 61
27340 223 106
∗∗∗
19256 250 55
21462 192 58
1142 307 34
∗∗∗
29303 376 30
4567 391 26
15375 186 74
∗∗∗
29027 222 101
27370 82 78
5165 4 41
∗∗∗
12114 285 58
25130 149 57
13786 121 40
∗∗∗
1078 252 42
12779 2 82
32731 83 42
∗∗∗
5952 294 97
3893 283 93
17626 222 70
∗∗∗
15801 117 49
8820 74 57
19715 327 22
∗∗∗
12572 189 53
14760 66 26
29308 103 8
∗∗∗
9712 8 76
4669 195 10
16412 41 53
∗∗∗
3715 329 80
4936 180 87
17175 80 37
∗∗∗
2379 15 55
13037 382 75
11264 378 50
∗∗∗
31194 276 61
3540 302 47
31946 116 44
∗∗∗
22515 229 87
16169 278 51
6748 373 9
∗∗∗
11683 197 63
12255 346 9
31083 100 88
∗∗∗
23327 75 14
1033 136 92
17325 353 13
∗∗∗
13927 85 24
10716 176 78
11430 102 35
∗∗∗
8508 214 54
23605 370 26
3755 17 17
∗∗∗
8906 274 59
26314 135 14
9089 221 53
∗∗∗
32718 361 103
30320 346 56
2730 297 9
∗∗∗
8727 113 109
4418 268 84
8303 101 73
∗∗∗
2934 144 87
25471 192 41
9269 28 76
∗∗∗
19431 89 41
26784 22 101
13941 139 46
∗∗∗
9556 188 35
7008 40 6
12194 261 111
∗∗∗
2567 47 84
14486 41 60
27188 25 88
∗∗∗
9616 368 105
5792 331 92
12100 245 14
∗∗∗
625 63 34
25372 106 50
10566 219 99
∗∗∗
10477 238 30
30165 124 35
27551 370 84
∗∗∗
21765 71 106
22438 350 25
28323 106 28
∗∗∗
29413 38 102
29132 259 107
7428 130 92
∗∗∗
5426 118 102
9915 270 92
22892 377 94
∗∗∗
19860 273 52
20604 190 89
24439 324 65
∗∗∗
7136 398 42
11160 164 11
16131 312 97
∗∗∗
10961 393 61
27093 11 98
8411 336 71
∗∗∗
18816 93 36
11398 131 14
10463 266 36
∗∗∗
2895 175 34
29089 270 37
23462 21 81
∗∗∗
10441 9 44
19056 346 45
21806 362 92
∗∗∗
516 348 95
23152 46 47
4183 372 56
∗∗∗
11555 22 110
24205 127 26
3480 135 88
∗∗∗
2168 276 78
14197 11 56
24875 42 89
∗∗∗
25796 350 85
31963 116 59
15671 24 79
∗∗∗
29522 157 79
27577 248 100
14120 67 28
∗∗∗
15814 392 24
29442 124 96
6088 282 95
∗∗∗
12640 291 54
26158 233 73
18484 123 62
∗∗∗
22733 194 87
12219 63 64
7183 159 42
∗∗∗
8688 10 100
2826 244 94
8547 235 53
∗∗∗
3110 262 40
21474 211 99
9816 256 34
∗∗∗
17207 184 24
25789 7 27
794 247 97
∗∗∗
20109 205 54
8955 72 42
27939 249 1
∗∗∗
31841 100 15
13661 247 79
31942 350 105
∗∗∗
15720 120 53
24548 324 70
19751 278 25
∗∗∗
26430 204 82
20537 285 57
17427 1 3
∗∗∗
2564 75 20
32127 12 78
5108 98 48
∗∗∗
23110 353 65
854 26 96
6864 373 77
∗∗∗
20788 160 105
1066 370 59
4289 202 12
∗∗∗
28438 331 10
11480 75 95
20615 291 23
∗∗∗
14738 278 36
5187 323 16
12660 228 60
∗∗∗
10576 97 87
20920 152 9
30454 382 16
∗∗∗
20526 340 68
759 132 22
23225 227 88
∗∗∗
27192 306 88
17347 255 56
15030 273 103
∗∗∗
24648 138 14
29871 67 63
5049 257 97
∗∗∗
23505 380 13
2177 360 52
22307 65 90
∗∗∗
30812 310 45
26729 184 58
25458 96 54
∗∗∗
16892 142 111
31262 373 66
30759 228 46
∗∗∗
17865 185 97
9080 250 68
12549 386 73
∗∗∗
30513 389 31
15579 28 57
9448 340 83
∗∗∗
18811 361 106
24507 329 8
2725 269 8
∗∗∗
26194 281 13
23258 379 82
31529 283 67
∗∗∗
2761 340 22
18009 311 20
4808 262 84
∗∗∗
11274 26 60
2333 148 109
16015 236 51
∗∗∗
25240 343 60
2290 134 68
19616 362 76
∗∗∗
13248 7 101
11305 84 65
25349 193 31
∗∗∗
25643 79 57
14301 152 86
31628 214 21
∗∗∗
21106 152 39
18068 222 49
5857 168 45
∗∗∗
8975 10 18
1270 51 92
5982 123 23
∗∗∗
20694 301 28
32622 385 95
6837 91 100
∗∗∗
7294 279 87
15096 360 75
5825 239 1
∗∗∗
5889 244 110
7462 149 44
14682 13 89
∗∗∗
8862 312 77
14282 136 72
820 167 77
∗∗∗
16724 67 33
8332 329 88
17821 140 68
∗∗∗
8340 178 84
11058 15 104
11967 362 39
∗∗∗
25878 133 39
15412 332 24
22595 187 55
∗∗∗
281 277 93
2446 208 46
27861 100 85
∗∗∗
9850 48 20
32121 229 33
1328 9 90
∗∗∗
14905 311 88
8697 382 41
30212 150 84
∗∗∗
346 136 45
16462 60 102
6282 351 92
∗∗∗
21076 35 32
12206 40 43
956 344 17
∗∗∗
19391 31 29
13974 381 81
30192 59 73
∗∗∗
3138 34 36
24749 124 43
30688 100 85
∗∗∗
14386 106 28
28011 142 16
11135 26 10
∗∗∗
28123 317 15
17443 29 82
21545 96 23
∗∗∗
23772 358 36
24849 367 100
15932 94 55
∗∗∗
24264 29 80
27107 296 96
30942 262 57
∗∗∗
16801 378 35
6123 263 72
11128 386 56
∗∗∗
32162 251 90
22003 310 41
14659 178 69
∗∗∗
29733 166 11
23380 246 19
13996 380 72
∗∗∗
12886 324 68
11920 52 45
24764 140 61
∗∗∗
15350 171 26
16939 297 44
13677 380 50
∗∗∗
21028 220 77
2071 368 52
16080 26 80
∗∗∗
28239 112 33
600 291 62
10755 378 10
∗∗∗
16024 243 5
4829 390 76
23109 230 39
∗∗∗
4016 315 78
16533 30 78
23387 256 33
∗∗∗
2956 387 94
28540 338 96
24035 337 80
∗∗∗
9634 216 13
711 305 20
6576 72 86
∗∗∗
23395 276 110
21997 135 27
11580 317 25
∗∗∗
31272 21 74
13708 7 72
7968 325 102
∗∗∗
21589 281 101
10668 98 22
15358 64 41
∗∗∗
11093 347 96
31607 370 11
29583 18 49
∗∗∗
8293 390 12
25066 99 89
3525 172 79
∗∗∗
14062 333 6
5200 139 61
31865 251 24
∗∗∗
5302 74 22
16740 328 14
21840 240 20
∗∗∗
10223 306 102
10148 372 36
4904 206 94
∗∗∗
7669 30 91
20555 258 75
2176 316 36
∗∗∗
10813 295 33
863 166 39
24259 85 44
∗∗∗
2049 274 8
26755 54 42
402 86 103
∗∗∗
8910 252 2
28303 98 56
23060 329 101
∗∗∗
1328 378 106
16208 309 7
28778 351 18
∗∗∗
16848 248 41
27355 51 20
13859 384 64
∗∗∗
32021 238 25
10644 1 66
9934 190 32
∗∗∗
6923 12 21
330 69 61
11106 395 64
∗∗∗
9789 57 71
30439 391 85
30942 103 82
∗∗∗
23751 123 67
29180 309 32
25147 198 56
∗∗∗
9130 333 13
23669 108 54
13298 138 34
∗∗∗
26619 153 64
29670 386 72
31466 308 23
∗∗∗
20296 384 101
11846 262 32
6741 146 5
∗∗∗
23121 219 84
27384 142 90
29467 192 25
∗∗∗
20421 304 82
3510 282 97
18410 193 100
∗∗∗
4211 359 12
28394 209 61
13598 194 16
∗∗∗
1513 391 85
866 327 56
14093 311 60
∗∗∗
32135 64 16
18804 283 75
23606 273 87
∗∗∗
20922 397 17
13221 78 25
5896 178 45
∗∗∗
4133 347 71
21471 241 44
8902 335 22
∗∗∗
3507 375 90
19844 20 18
11853 214 38
∗∗∗
1061 359 88
12236 325 97
23340 222 67
∗∗∗
23280 389 14
5581 347 52
32393 271 76
∗∗∗
3685 395 25
17757 88 43
10274 214 77
∗∗∗
8878 102 81
10916 120 43
23738 114 43
∗∗∗
27312 237 91
6310 93 87
9373 68 41
∗∗∗
13954 348 38
3035 395 76
6673 290 7
∗∗∗
3465 387 101
8695 154 72
9839 288 28
∗∗∗
3056 206 53
28972 187 87
13376 387 20
∗∗∗
4536 1 18
17917 122 106
11765 182 89
∗∗∗
5163 367 71
18437 197 88
2929 65 93
∗∗∗
28861 25 54
71 56 89
1067 231 45
∗∗∗
9733 379 82
31445 296 10
29986 299 32
∗∗∗
7036 229 33
1661 310 64
20019 224 62
∗∗∗
30754 291 24
31981 338 32
23143 369 47
∗∗∗
30380 192 55
13840 381 14
26866 158 38
∗∗∗
12971 201 30
309 164 27
18204 22 100
∗∗∗
21930 234 100
28969 267 2
7591 322 20
∗∗∗
20677 292 9
27084 277 41
10540 53 47
∗∗∗
16070 277 56
28502 242 58
15574 316 12
∗∗∗
16774 314 90
14180 220 42
16364 288 88
∗∗∗
21866 71 55
28022 137 51
20549 359 106
∗∗∗
32113 366 81
31174 64 24
19129 193 112
∗∗∗
17936 298 74
9366 42 25
2101 21 84
∗∗∗
12904 127 36
10000 195 3
17559 120 36
∗∗∗
13243 262 99
13563 254 99
5517 67 47
∗∗∗
25466 341 85
1295 150 20
5609 87 106
∗∗∗
10582 218 106
9403 263 71
29262 309 66
∗∗∗
26647 9 86
15423 352 82
29150 21 52
∗∗∗
26173 152 26
30167 224 87
15264 45 80
∗∗∗
13171 28 19
11850 198 107
14033 393 95
∗∗∗
2372 245 89
15098 125 33
25533 126 96
∗∗∗
25486 20 37
21708 35 26
11432 175 69
∗∗∗
28581 230 74
5664 20 94
28758 173 17
∗∗∗
22694 224 62
14370 131 58
31022 10 39
∗∗∗
17109 164 31
5676 245 16
32346 194 101
∗∗∗
17631 263 73
26534 226 47
17588 23 58
∗∗∗
22075 384 81
23126 255 55
17679 238 68
∗∗∗
3481 180 47
1947 382 31
31292 105 97
∗∗∗
12500 227 46
31615 338 38
1129 87 31
∗∗∗
17353 208 90
11355 141 57
25504 18 65
∗∗∗
14348 202 106
14281 8 31
8202 69 32
∗∗∗
31112 270 54
2772 300 52
10512 52 42
∗∗∗
32150 325 33
24719 48 33
11537 205 72
∗∗∗
27291 248 40
22402 18 35
28636 21 63
∗∗∗
1116 51 77
15410 143 96
6227 307 29
∗∗∗
19491 134 63
12529 198 37
12789 141 70
∗∗∗
13105 206 11
20139 258 12
25406 41 71
∗∗∗
2203 61 74
3642 199 63
6484 346 24
∗∗∗
3803 297 2
2679 395 6
6451 76 66
∗∗∗
417 388 61
3039 354 51
14938 196 60
∗∗∗
24838 232 58
23563 190 37
31713 267 49
∗∗∗
7855 89 59
8489 197 15
24130 281 95
∗∗∗
11612 1 18
9776 325 46
27298 314 91
∗∗∗
25460 42 38
19638 62 82
7259 74 82
∗∗∗
2421 11 26
87 365 98
25704 393 107
∗∗∗
1565 62 45
24056 334 7
18916 32 51
∗∗∗
20614 5 106
23238 44 96
13566 343 75
∗∗∗
16642 160 20
4684 291 56
9149 197 24
∗∗∗
7259 189 12
6569 131 25
8413 328 99
∗∗∗
9879 84 35
21612 201 17
11251 303 74
∗∗∗
1556 296 42
31948 239 80
28579 1 83
∗∗∗
27953 184 42
24527 273 23
8029 271 33
∗∗∗
20797 292 30
21559 368 22
31358 283 68
∗∗∗
22685 51 84
31637 293 82
27278 216 95
∗∗∗
3819 196 97
6421 162 91
30706 157 40
∗∗∗
8623 68 95
20222 313 100
16200 186 73
∗∗∗
9758 318 36
32064 166 72
21672 305 24
∗∗∗
21734 256 71
26913 97 23
6442 184 54
∗∗∗
2324 251 50
20991 102 58
16851 43 106
∗∗∗
23714 136 75
3035 0 52
15672 280 35
∗∗∗
26541 136 69
2411 256 102
29727 317 58
∗∗∗
8458 211 103
15633 58 99
18820 95 90
∗∗∗
24145 221 104
23720 378 100
24166 279 92
∗∗∗
1715 71 10
29475 189 100
17224 248 36
∗∗∗
2581 238 40
2246 378 25
21320 39 44
∗∗∗
29562 283 18
7896 358 101
21193 307 110
∗∗∗
6057 210 86
24518 342 64
4911 352 52
∗∗∗
11980 88 90
28791 147 60
24285 321 31
∗∗∗
8597 195 33
3361 177 20
6167 142 84
∗∗∗
16857 245 58
4887 46 42
32106 214 90
∗∗∗
16531 304 61
3416 251 95
26220 392 42
∗∗∗
18769 16 40
27107 63 49
10517 169 52
∗∗∗
1668 363 59
30417 290 5
4671 363 39
∗∗∗
345 107 101
31142 259 7
3559 235 70
∗∗∗
25591 378 93
30341 237 11
10995 95 23
∗∗∗
8763 206 18
10570 376 102
25334 93 66
∗∗∗
7087 297 82
11436 219 89
19993 335 67
∗∗∗
15354 181 25
31660 24 15
25859 106 99
∗∗∗
16533 354 87
23400 272 40
22969 46 39
∗∗∗
17941 257 62
10351 251 48
13041 287 53
∗∗∗
7881 236 96
23396 328 44
27906 302 26
∗∗∗
27022 121 45
13804 214 13
19284 94 70
∗∗∗
5939 254 23
32555 21 90
4865 110 36
∗∗∗
31087 201 81
23718 2 69
29791 31 88
∗∗∗
6952 9 90
6251 373 16
28242 193 27
∗∗∗
7562 105 76
247 335 38
19581 59 75
∗∗∗
12155 293 86
15123 30 82
12533 240 91
∗∗∗
26384 207 79
22012 308 53
8015 75 82
∗∗∗
11009 248 97
29850 89 60
28490 77 57
∗∗∗
10454 199 39
15164 179 43
3316 44 61
∗∗∗
7785 239 79
29678 210 29
6054 296 32
∗∗∗
13248 124 44
986 19 59
1301 146 97
∗∗∗
14802 144 54
20223 276 55
11489 341 37
∗∗∗
25600 328 87
19819 267 96
22091 222 28
∗∗∗
15687 99 97
13441 139 93
26961 19 68
∗∗∗
10545 199 26
14948 347 21
15124 228 24
∗∗∗
6526 236 32
2394 336 96
13796 311 97
∗∗∗
24030 257 105
10764 111 28
8492 38 45
∗∗∗
26414 292 22
21886 94 46
9616 100 8
∗∗∗
29599 51 33
1535 29 90
25158 355 53
∗∗∗
17733 191 98
22825 330 101
4155 152 49
∗∗∗
14042 234 53
24238 70 44
12079 75 75
∗∗∗
3803 300 73
13586 342 89
14930 226 3
∗∗∗
6793 151 44
25648 212 78
32192 41 74
∗∗∗
3444 201 64
2790 202 108
17747 56 68
∗∗∗
7785 323 73
12454 84 93
20493 322 93
∗∗∗
1361 73 31
27910 290 61
5184 91 97
∗∗∗
7744 273 89
22099 368 56
25848 332 43
∗∗∗
30864 142 18
24046 221 54
18001 128 81
∗∗∗
3978 234 48
4481 114 17
11017 356 101
∗∗∗
25839 14 47
31743 151 99
7121 107 33
∗∗∗
23022 196 36
6161 320 25
4649 0 84
∗∗∗
1296 230 28
29417 233 32
21995 384 50
∗∗∗
32533 316 34
32619 103 20
6987 7 22
∗∗∗
13442 322 42
5259 362 72
25217 201 42
∗∗∗
30771 153 14
13385 182 104
4016 251 100
∗∗∗
24010 178 85
22355 198 26
32444 60 11
∗∗∗
26242 11 42
171 259 24
19439 86 85
∗∗∗
18996 364 60
20502 281 53
25007 306 33
∗∗∗
10239 57 104
3148 216 51
24565 270 40
∗∗∗
2427 85 63
1761 313 16
3400 324 49
∗∗∗
27752 127 80
13184 66 58
29594 364 10
∗∗∗
1262 191 6
20925 28 20
28196 288 35
∗∗∗
18124 42 57
31441 20 17
13900 339 85
∗∗∗
23317 321 42
12645 14 11
11859 259 84
∗∗∗
22875 133 51
1641 123 98
7496 358 2
∗∗∗
29705 212 68
22895 58 13
5069 282 93
∗∗∗
13027 47 51
1669 111 45
9402 52 36
∗∗∗
30363 381 39
15980 119 85
4481 78 32
∗∗∗
11303 70 94
10675 305 29
13775 264 78
∗∗∗
19733 279 27
21745 102 60
4010 352 66
∗∗∗
32185 349 47
9735 52 24
834 272 107
∗∗∗
30163 96 14
30561 79 64
1931 225 65
∗∗∗
29897 361 41
26225 40 68
30620 20 78
∗∗∗
13968 22 94
27426 187 63
945 4 55
∗∗∗
5540 371 24
29154 228 63
2286 181 12
∗∗∗
18264 374 5
7737 96 19
28229 274 51
∗∗∗
1053 58 71
14404 312 51
13513 124 93
∗∗∗
1581 365 58
29157 359 72
4557 305 57
∗∗∗
24807 38 27
21390 29 60
7899 135 36
∗∗∗
30020 129 46
2381 237 68
2518 333 29
∗∗∗
1995 87 70
9802 313 18
28667 191 48
∗∗∗
5844 158 62
24596 262 82
12993 299 69
∗∗∗
25980 37 30
10777 63 44
5606 369 86
∗∗∗
7003 8 18
15061 6 88
12487 302 56
∗∗∗
12488 393 21
18940 85 59
12265 238 78
∗∗∗
11498 63 64
17805 314 72
16892 302 21
∗∗∗
30296 73 77
7022 343 22
17785 250 24
∗∗∗
13794 241 10
13897 167 58
13735 280 102
∗∗∗
10622 100 77
15250 370 80
29862 324 98
∗∗∗
13176 29 102
17555 292 97
1122 261 81
∗∗∗
24043 59 54
6067 70 11
27517 157 36
∗∗∗
7050 255 83
32052 58 98
14685 259 40
∗∗∗
17377 273 26
3269 98 43
14471 276 40
∗∗∗
15498 79 36
3697 120 110
12358 156 35
∗∗∗
32292 354 91
2039 306 55
28130 1 82
∗∗∗
10178 129 73
11818 278 42
13915 317 57
∗∗∗
30946 289 7
10036 389 103
16851 165 14
∗∗∗
29255 379 97
17271 303 66
21191 367 97
∗∗∗
21977 181 66
25671 87 13
17324 34 96
∗∗∗
29717 33 97
2594 384 26
11676 296 99
∗∗∗
15652 283 8
29002 279 72
8280 91 31
∗∗∗
31183 207 11
4526 112 64
24054 190 55
∗∗∗
26857 297 84
32765 116 104
1504 204 68
∗∗∗
25330 151 65
16832 181 15
30560 367 60
∗∗∗
24400 100 78
19644 313 76
19280 96 82
∗∗∗
15170 21 66
8502 281 101
22614 161 37
∗∗∗
27547 260 36
30731 370 14
28921 209 78
∗∗∗
11490 67 86
22972 149 60
12678 354 48
∗∗∗
2020 373 63
10211 218 57
21849 170 78
∗∗∗
22081 303 95
805 376 93
2469 243 63
∗∗∗
30551 105 46
33 395 96
21618 363 23
∗∗∗
23018 166 3
25688 48 105
32602 257 41
∗∗∗
16747 52 91
12995 254 67
18210 63 96
∗∗∗
2947 213 82
24556 36 85
25583 69 79
∗∗∗
17418 66 19
25940 374 81
10208 355 35
∗∗∗
11440 245 65
10166 261 78
1488 58 30
∗∗∗
31108 323 10
29253 343 67
5208 3 14
∗∗∗
17340 278 90
14139 42 33
25591 15 15
∗∗∗
17683 17 21
26423 304 99
13563 16 92
∗∗∗
26283 257 95
3017 45 52
16847 17 76
∗∗∗
10551 164 17
8686 207 68
6503 209 66
∗∗∗
11055 132 42
18573 225 65
7301 299 70
∗∗∗
1034 313 10
5950 259 61
28642 378 17
∗∗∗
25899 274 56
15077 261 59
25765 264 91
∗∗∗
14904 343 72
24331 263 106
19324 102 18
∗∗∗
27554 329 90
28804 5 72
9414 38 45
∗∗∗
24578 165 39
6990 158 69
8686 221 54
∗∗∗
11135 286 39
30503 369 102
22558 248 86
∗∗∗
599 132 53
683 217 61
11467 154 42
∗∗∗
4215 222 77
10786 398 30
215 100 20
∗∗∗
1528 309 30
32068 236 33
512 4 37
∗∗∗
23700 354 93
22226 91 20
19628 352 79
∗∗∗
14680 120 72
17237 58 29
25193 158 16
∗∗∗
10925 130 106
2158 91 63
2253 302 66
∗∗∗
23972 19 47
29256 85 62
18510 395 23
∗∗∗
20794 147 33
3627 300 6
12759 125 52
∗∗∗
8698 24 64
21168 56 42
17991 254 47
∗∗∗
4625 208 53
22623 61 96
28033 137 48
∗∗∗
14136 206 74
11899 52 32
20519 92 63
∗∗∗
13895 394 98
26358 129 67
32383 198 106
∗∗∗
24500 311 40
22921 210 51
17343 142 87
∗∗∗
26480 215 36
24692 108 101
23801 360 69
∗∗∗
27974 98 74
23022 124 45
20660 296 101
∗∗∗
5652 122 19
21414 382 12
7402 223 104
∗∗∗
2826 101 45
5688 107 84
7156 160 34
∗∗∗
17250 120 63
18006 299 28
12877 304 19
∗∗∗
7196 140 52
10716 271 106
29412 172 74
∗∗∗
9158 1 83
24007 231 74
12244 14 28
∗∗∗
12777 198 94
25487 108 26
7040 328 43
∗∗∗
14223 283 89
2956 366 14
18009 10 50
∗∗∗
24343 70 59
30748 368 74
17851 211 56
∗∗∗
27920 280 100
11175 129 20
6471 276 100
∗∗∗
1974 193 12
15464 185 85
28787 274 37
∗∗∗
16483 343 96
20934 262 73
32277 293 63
∗∗∗
7327 109 78
32043 281 91
4862 11 101
∗∗∗
8721 0 85
29993 171 70
28212 10 38
∗∗∗
30253 381 63
21945 143 72
18556 336 78
∗∗∗
3689 196 44
9007 340 17
4501 31 98
∗∗∗
30611 151 102
18457 3 18
22322 109 101
∗∗∗
9145 369 25
4575 126 102
18294 229 57
∗∗∗
26135 59 95
31545 179 54
24923 332 17
∗∗∗
11005 228 63
26256 234 53
7715 38 12
∗∗∗
948 9 31
10632 145 90
11769 332 42
∗∗∗
27769 279 104
17279 279 49
24643 6 25
∗∗∗
21091 166 24
20666 352 78
14097 234 39
∗∗∗
22041 22 74
18200 48 37
9136 29 30
∗∗∗
24005 57 99
16275 236 36
27781 167 46
∗∗∗
2575 155 34
676 290 90
3009 18 26
∗∗∗
4080 22 58
31561 7 64
5817 213 82
∗∗∗
25790 251 67
29062 70 26
8712 207 47
∗∗∗
27541 354 36
7742 187 92
23140 96 92
∗∗∗
30866 262 70
16998 127 96
19167 0 13
∗∗∗
12147 46 82
20798 66 70
14008 339 45
∗∗∗
19776 176 59
9557 295 63
2177 217 55
∗∗∗
6976 206 7
11937 382 46
24268 143 81
∗∗∗
1226 344 68
5395 312 93
29106 176 20
∗∗∗
31214 305 7
5552 25 46
21575 311 7
∗∗∗
15454 129 17
6715 122 42
18420 70 42
∗∗∗
13938 0 42
23324 215 23
14567 372 36
∗∗∗
3489 58 65
30227 351 28
29644 363 56
∗∗∗
18400 263 65
19470 174 43
18388 341 106
∗∗∗
29218 76 54
30321 133 16
10166 345 61
∗∗∗
11759 171 65
6943 80 37
31037 211 31
∗∗∗
27880 334 64
9919 129 83
31671 178 96
∗∗∗
17479 152 80
31414 116 59
18261 366 104
∗∗∗
14079 22 85
25870 21 13
6451 212 64
∗∗∗
26356 261 5
11202 9 104
8000 58 68
∗∗∗
18147 370 95
21907 373 68
28727 350 17
∗∗∗
2242 266 27
4870 19 37
12162 38 26
∗∗∗
14351 312 42
7700 15 30
14799 155 45
∗∗∗
21735 34 20
25724 297 74
5544 177 7
∗∗∗
20113 325 77
5606 353 31
4429 247 35
∗∗∗
7624 7 63
5555 158 13
4611 350 40
∗∗∗
23902 195 89
17513 25 69
19124 58 52
∗∗∗
8424 155 7
19934 349 38
4737 280 55
∗∗∗
22138 356 82
19022 249 10
22488 261 50
∗∗∗
2763 117 70
23176 293 72
23625 197 35
∗∗∗
4889 3 36
15075 101 18
4412 23 23
∗∗∗
20244 317 53
17827 125 14
23797 23 19
∗∗∗
1822 274 44
16198 236 79
12888 117 51
∗∗∗
25935 143 78
18243 292 69
12840 343 54
∗∗∗
9601 123 49
11270 264 39
1266 321 60
∗∗∗
23542 179 29
31374 264 5
25667 170 73
∗∗∗
7179 98 19
7183 237 23
22699 88 69
∗∗∗
24342 226 22
6171 222 7
12777 295 77
∗∗∗
21589 262 83
3274 381 50
17726 296 101
∗∗∗
32668 54 17
24280 171 97
30133 35 63
∗∗∗
28653 313 15
5656 264 24
19266 210 47
∗∗∗
8476 364 87
20918 341 107
31902 0 58
∗∗∗
28424 344 32
19008 201 2
17999 50 62
∗∗∗
22854 153 76
32041 137 53
23096 81 44
∗∗∗
30327 36 3
26257 310 48
10380 261 50
∗∗∗
8931 36 90
31309 38 69
27241 292 19
∗∗∗
19194 371 111
8128 184 43
14447 331 52
∗∗∗
30043 188 58
17085 43 7
28453 109 60
∗∗∗
21807 245 101
5177 252 18
17006 25 58
∗∗∗
23157 380 99
17006 124 8
31942 144 21
∗∗∗
28894 8 6
26687 95 80
23017 36 43
∗∗∗
16360 322 100
7286 85 97
16344 125 43
∗∗∗
31515 222 8
13321 43 58
11912 302 80
∗∗∗
18096 338 51
662 0 61
29213 246 38
∗∗∗
20449 179 79
1896 363 80
12731 129 51
∗∗∗
31518 389 61
4808 1 56
16359 301 96
∗∗∗
19212 232 73
21196 81 57
29298 237 32
∗∗∗
13857 255 50
20568 172 98
18291 308 53
∗∗∗
20594 255 75
23239 137 33
8371 207 84
∗∗∗
4464 213 68
31566 193 36
22765 363 16
∗∗∗
18686 142 88
6898 283 15
18852 29 19
∗∗∗
4541 210 56
14583 242 12
12138 201 34
∗∗∗
19037 61 38
356 298 23
11409 115 32
∗∗∗
22481 63 40
23219 287 77
5259 60 5
∗∗∗
20482 378 58
20861 255 88
14261 108 49
∗∗∗
11269 349 102
30253 266 23
2716 79 29
∗∗∗
10504 305 29
11966 31 68
2981 189 81
∗∗∗
20277 319 109
17995 123 30
27649 396 55
∗∗∗
17930 39 100
30189 234 10
31469 285 86
∗∗∗
23436 43 32
29915 4 98
22363 187 48
∗∗∗
19800 4 69
19945 243 57
20776 63 89
∗∗∗
13791 315 7
30270 358 95
25441 9 97
∗∗∗
5495 163 112
16242 36 78
30048 50 34
∗∗∗
8716 44 88
21200 4 30
3397 380 26
∗∗∗
8652 315 31
11247 260 16
24364 225 100
∗∗∗
28817 237 70
26759 360 39
29952 347 77
∗∗∗
30869 387 66
27849 103 54
18287 142 30
∗∗∗
22256 132 91
22357 188 96
22690 152 46
∗∗∗
27736 259 73
27680 6 67
4207 345 59
∗∗∗
22612 35 20
10696 354 44
26499 228 35
∗∗∗
28507 344 37
23704 180 41
21344 257 55
∗∗∗
26472 305 7
31791 26 101
18840 147 21
∗∗∗
26336 229 60
11784 359 43
29043 20 60
∗∗∗
19519 254 99
17163 9 67
14918 135 107
∗∗∗
6185 303 84
21698 183 29
4107 268 51
∗∗∗
15702 2 60
1745 326 23
19443 127 63
∗∗∗
31712 293 19
30220 359 83
3719 112 52
∗∗∗
3361 310 25
1081 218 5
14507 14 30
∗∗∗
28038 353 16
18827 109 84
20319 125 19
∗∗∗
21528 326 42
31931 388 42
4792 349 28
∗∗∗
15633 197 54
1472 95 6
1520 84 66
∗∗∗
2696 41 55
3265 45 37
19003 108 98
∗∗∗
27414 157 95
3184 115 51
739 25 79
∗∗∗
6164 143 108
28028 9 30
3488 109 5
∗∗∗
2386 252 68
5000 243 69
1061 160 90
∗∗∗
7302 289 36
28252 270 106
6519 164 38
∗∗∗
6753 67 51
29322 101 36
17345 170 69
∗∗∗
22602 226 10
2513 346 37
15809 353 90
∗∗∗
30404 152 49
14317 364 35
29125 375 36
∗∗∗
12234 361 36
13594 309 49
21357 13 2
∗∗∗
5890 252 80
21168 102 70
6913 244 40
∗∗∗
12864 331 61
6919 42 54
4623 250 56
∗∗∗
17572 211 59
22158 62 100
30279 242 26
∗∗∗
18277 317 91
18028 337 36
30690 314 16
∗∗∗
13906 283 100
22665 165 57
16076 95 60
∗∗∗
29903 285 19
13771 222 21
7854 106 27
∗∗∗
8402 369 53
15457 73 49
12050 134 73
∗∗∗
1121 45 42
15766 279 14
30429 105 8
∗∗∗
16811 48 105
5948 320 44
9570 194 84
∗∗∗
15921 297 36
31889 258 88
22633 16 36
∗∗∗
21613 212 97
20050 229 21
4321 371 9
∗∗∗
4090 198 87
12138 328 81
7116 59 78
∗∗∗
31777 63 10
6233 128 101
4699 201 87
∗∗∗
8720 242 86
1889 79 52
12708 328 95
∗∗∗
15862 218 78
12970 187 66
16170 307 42
∗∗∗
11346 92 80
11133 292 3
461 253 103
∗∗∗
23736 109 81
28103 242 70
30757 264 43
∗∗∗
547 157 80
23323 72 90
27890 199 84
∗∗∗
808 72 45
21608 303 46
17557 19 39
∗∗∗
9069 267 97
10855 10 105
18566 339 81
∗∗∗
458 385 62
30457 308 32
3154 93 23
∗∗∗
21609 124 72
22610 311 40
5298 374 83
∗∗∗
21184 38 35
26909 132 53
22349 282 83
∗∗∗
718 188 56
10464 48 16
9522 259 12
∗∗∗
9445 362 17
10608 15 24
16087 154 33
∗∗∗
27576 187 71
24248 233 23
2566 338 8
∗∗∗
15525 227 105
22578 42 59
5004 51 72
∗∗∗
18911 138 21
11719 364 61
17250 22 98
∗∗∗
18492 286 15
23195 142 9
20861 171 49
∗∗∗
7713 43 47
973 91 22
23465 57 11
∗∗∗
29719 396 63
13019 232 20
17970 306 8
∗∗∗
571 335 3
8579 18 57
12100 153 54
∗∗∗
25803 191 26
7894 271 44
7289 310 98
∗∗∗
19234 209 20
7330 384 51
24767 387 38
∗∗∗
17891 320 106
23506 150 66
19979 79 35
∗∗∗
18909 184 23
30045 71 13
24872 82 61
∗∗∗
7784 384 52
13505 133 43
28631 364 73
∗∗∗
964 34 19
3498 126 77
25665 204 60
∗∗∗
18572 75 32
6683 75 91
4955 340 36
∗∗∗
31976 350 18
16283 83 5
19480 275 29
∗∗∗
3455 251 86
27231 339 86
21886 18 40
∗∗∗
4925 186 102
341 335 80
31346 173 35
∗∗∗
26094 37 17
19252 318 84
25211 294 100
∗∗∗
27373 50 32
23141 128 74
31266 155 48
∗∗∗
24432 52 29
25232 133 16
8291 399 94
∗∗∗
22382 109 37
9716 68 52
4297 317 110
∗∗∗
11945 231 52
14153 178 77
8174 314 51
∗∗∗
22134 202 67
7220 256 30
11721 158 60
∗∗∗
31663 5 66
3527 14 109
592 284 35
∗∗∗
23247 8 57
9731 261 86
5768 148 92
∗∗∗
9761 164 13
15882 258 36
19869 57 61
∗∗∗
22490 111 14
24229 4 97
31877 176 107
∗∗∗
1790 46 39
2649 140 68
24186 137 74
∗∗∗
12526 180 67
15336 67 82
24323 253 17
∗∗∗
29736 258 99
13041 272 104
28958 337 98
∗∗∗
4718 250 99
22274 178 103
7267 147 45
∗∗∗
23545 216 74
21958 108 58
32539 49 108
∗∗∗
24190 122 41
24621 323 86
26359 354 72
∗∗∗
29977 44 63
12443 233 75
6863 0 82
∗∗∗
32131 338 51
31385 40 83
24495 119 62
∗∗∗
8953 275 17
3472 304 36
1873 345 12
∗∗∗
27151 393 28
5222 102 42
21860 224 20
∗∗∗
10326 384 67
15654 184 68
21289 280 95
∗∗∗
22967 10 77
10455 142 74
19891 33 14
∗∗∗
2757 14 31
3661 308 109
12928 192 70
∗∗∗
21420 28 42
25525 231 82
23500 4 24
∗∗∗
11655 392 32
3297 236 19
17857 335 22
∗∗∗
22599 144 67
21826 147 69
23333 353 25
∗∗∗
19720 274 81
21926 304 26
29606 48 58
∗∗∗
2876 256 65
32048 32 42
8733 159 80
∗∗∗
14225 42 76
7760 254 65
22579 259 18
∗∗∗
7906 0 30
18089 113 100
29696 259 74
∗∗∗
1350 158 54
17132 255 97
21836 274 87
∗∗∗
22006 390 39
967 128 33
13847 143 65
∗∗∗
9217 186 80
31917 175 60
19589 162 81
∗∗∗
20872 136 71
12713 385 49
10480 360 53
∗∗∗
16834 172 22
16576 373 6
17058 286 82
∗∗∗
18558 328 7
1488 99 17
9414 272 107
∗∗∗
4259 102 103
11280 180 9
8279 109 38
∗∗∗
27637 177 69
12696 211 76
19458 75 49
∗∗∗
1138 118 92
24756 229 33
22018 295 29
∗∗∗
29457 19 97
23798 380 20
23908 255 62
∗∗∗
22758 107 96
13437 271 60
20880 77 20
∗∗∗
12777 355 107
9027 191 75
2119 37 89
∗∗∗
10453 295 43
27857 45 83
13174 54 95
∗∗∗
16240 7 81
3871 64 63
23769 361 66
∗∗∗
29448 299 73
18429 253 43
31462 135 61
∗∗∗
32038 204 68
4799 118 57
30360 263 74
∗∗∗
8390 29 91
5949 160 30
20420 123 1
∗∗∗
18143 118 7
22702 288 100
4664 194 102
∗∗∗
23862 189 61
22023 315 88
30250 332 102
∗∗∗
9249 114 24
12402 83 60
27692 197 32
∗∗∗
2881 196 98
11300 22 66
27646 72 49
∗∗∗
15249 9 92
4883 202 102
7873 169 61
∗∗∗
28135 166 62
21135 18 11
12610 365 100
∗∗∗
1304 182 26
16741 133 32
7626 202 24
∗∗∗
11869 213 18
30130 128 76
13680 336 17
∗∗∗
9593 280 46
23361 226 90
7291 324 28
∗∗∗
27762 202 8
12040 34 64
32748 126 29
∗∗∗
29744 106 7
22032 36 30
7873 72 77
∗∗∗
9252 389 24
6548 331 36
20304 233 34
∗∗∗
20869 206 38
23411 86 53
30678 392 27
∗∗∗
7174 34 70
24315 363 51
5598 34 84
∗∗∗
6609 190 79
15018 26 110
5768 170 52
∗∗∗
18004 291 26
809 122 68
10279 364 105
∗∗∗
22710 371 18
8115 78 18
4060 63 49
∗∗∗
12616 288 83
7456 344 32
6148 185 55
∗∗∗
13369 220 7
700 312 2
4734 62 56
∗∗∗
30970 41 20
30574 118 91
28272 240 19
∗∗∗
2188 183 72
2441 248 17
940 14 50
∗∗∗
26308 141 82
9466 34 6
31600 321 95
∗∗∗
30673 237 61
16367 3 89
23771 79 55
∗∗∗
25261 162 81
1540 4 51
7216 333 32
∗∗∗
3229 221 83
3237 191 13
60 320 40
∗∗∗
15938 385 81
21055 92 61
2815 15 24
∗∗∗
25434 30 63
19764 338 75
27960 121 108
∗∗∗
13343 203 28
18935 73 22
17885 366 52
∗∗∗
19704 59 21
16989 44 91
14150 190 15
∗∗∗
5666 1 7
27150 108 18
17629 126 93
∗∗∗
29467 318 43
21280 189 106
13079 379 69
∗∗∗
17077 23 100
16174 278 28
23895 384 55
∗∗∗
8610 286 99
16051 157 8
6888 31 87
∗∗∗
18295 119 54
4535 168 21
25388 354 18
∗∗∗
2941 147 49
7794 321 8
8922 123 12
∗∗∗
8915 249 60
29396 189 50
29601 266 18
∗∗∗
10717 241 78
27472 322 79
22959 116 50
∗∗∗
30397 341 34
9150 253 54
10298 97 79
∗∗∗
18128 145 41
2054 153 35
21035 154 82
∗∗∗
1075 385 109
32280 200 28
16768 366 98
∗∗∗
3110 240 86
28728 177 90
17745 273 65
∗∗∗
7744 253 94
16315 18 90
25642 59 82
∗∗∗
26770 10 111
22149 264 46
27578 148 77
∗∗∗
1473 145 13
11546 314 99
3814 381 84
∗∗∗
29341 131 97
31944 235 22
18433 161 26
∗∗∗
17406 393 12
4417 99 70
7884 98 27
∗∗∗
15766 317 102
1171 97 71
883 392 94
∗∗∗
172 362 30
17961 139 55
7337 149 75
∗∗∗
23659 332 81
31689 218 67
17225 106 18
∗∗∗
10573 287 86
2205 180 97
24752 169 22
∗∗∗
24157 381 93
2479 248 85
28931 127 21
∗∗∗
15973 351 87
30118 310 95
9104 28 17
∗∗∗
20419 87 26
29246 380 6
13766 308 62
∗∗∗
29601 1 18
21734 75 36
18135 175 64
∗∗∗
418 275 35
26823 46 50
2871 293 93
∗∗∗
27685 115 41
26056 342 87
6223 75 52
∗∗∗
12066 352 58
9941 333 50
14575 20 77
∗∗∗
1334 314 30
13279 253 24
4114 233 13
∗∗∗
9745 272 13
9031 22 46
27193 288 99
∗∗∗
16535 196 74
1029 29 105
25453 84 14
∗∗∗
20095 183 21
6813 156 22
5524 373 50
∗∗∗
23250 334 61
20570 8 49
6081 73 19
∗∗∗
25032 333 78
25397 55 72
24868 326 47
∗∗∗
3341 79 80
22443 96 25
20385 60 99
∗∗∗
14558 111 68
6830 73 10
1083 316 18
∗∗∗
22784 134 48
1659 154 40
1050 303 75
∗∗∗
7681 65 92
25665 114 20
29230 48 57
∗∗∗
7618 385 23
23925 209 8
14368 248 96
∗∗∗
26357 3 39
30114 99 108
27129 158 36
∗∗∗
9168 47 24
19671 205 68
18569 297 61
∗∗∗
3918 151 77
14046 167 83
12971 239 79
∗∗∗
15672 109 23
16329 389 100
28242 337 46
∗∗∗
17510 27 41
8058 315 77
17100 70 58
∗∗∗
8545 387 64
25050 244 39
10899 146 87
∗∗∗
25217 324 105
29435 373 49
10599 325 16
∗∗∗
7418 138 74
6209 72 83
29942 209 69
∗∗∗
19930 45 45
17078 121 108
18457 371 68
∗∗∗
26992 385 91
19834 272 38
20555 399 107
∗∗∗
31869 0 50
5302 272 35
7142 95 30
∗∗∗
25611 115 40
29175 122 103
7349 282 14
∗∗∗
14897 146 94
12792 210 14
9360 331 28
∗∗∗
9603 45 57
232 43 30
13879 279 41
∗∗∗
1084 168 39
725 7 92
23099 156 94
∗∗∗
249 222 17
9163 294 74
12575 182 62
∗∗∗
14508 140 33
19799 177 19
21106 376 104
∗∗∗
17209 398 73
15347 179 79
11694 64 99
∗∗∗
22740 321 82
25689 330 41
1038 167 60
∗∗∗
1615 201 62
20407 89 17
3781 269 46
∗∗∗
17286 361 68
23260 253 25
246 285 31
∗∗∗
9526 293 56
8419 110 49
28619 201 35
∗∗∗
21158 353 13
1533 254 21
21443 134 59
∗∗∗
22305 120 20
30562 35 37
29389 69 105
∗∗∗
12900 222 83
19504 376 101
9788 153 72
∗∗∗
32352 380 26
23720 265 34
10579 146 32
∗∗∗
24889 0 51
2972 363 70
1637 209 71
∗∗∗
341 86 71
20388 19 88
29315 333 109
∗∗∗
6117 317 98
4603 42 15
19827 383 60
∗∗∗
11038 242 17
17211 242 55
31130 162 102
∗∗∗
12255 290 38
8524 384 98
32460 281 31
∗∗∗
31594 212 84
19997 38 7
14494 6 76
∗∗∗
18858 251 63
16724 307 83
10250 346 30
∗∗∗
14557 239 80
7704 322 24
3750 308 46
∗∗∗
20894 166 45
23890 293 18
22871 290 61
∗∗∗
15091 242 21
30412 49 67
30957 274 9
∗∗∗
18776 184 108
12147 108 50
19856 23 15
∗∗∗
3514 133 23
30303 252 74
12777 333 6
∗∗∗
16686 162 53
30144 172 98
24352 160 113
∗∗∗
148 260 56
18494 8 92
9474 261 67
∗∗∗
11466 61 18
22554 90 56
30429 247 47
∗∗∗
18508 297 59
30341 329 50
13550 347 71
∗∗∗
13914 54 69
956 182 33
11399 57 98
∗∗∗
6352 249 50
6584 305 67
31570 337 70
∗∗∗
3740 324 11
31099 231 74
10653 325 98
∗∗∗
13848 160 31
23041 56 15
31581 351 61
∗∗∗
23507 253 9
13260 57 30
7213 339 19
∗∗∗
23262 375 23
31851 50 38
22662 261 81
∗∗∗
16702 62 35
6258 237 21
12786 31 99
∗∗∗
23523 145 39
13074 193 70
19422 151 30
∗∗∗
133 314 7
9269 367 10
10643 36 101
∗∗∗
3165 228 74
23886 319 70
21131 355 28
∗∗∗
638 81 36
11602 393 36
8713 263 105
∗∗∗
30158 224 45
20312 327 112
8584 207 58
∗∗∗
25238 189 64
30955 208 58
26468 252 50
∗∗∗
23704 195 67
5788 233 113
31290 351 57
∗∗∗
21461 273 89
2923 24 79
9442 79 65
∗∗∗
27668 94 56
8708 195 28
15844 341 107
∗∗∗
32098 336 106
2418 203 75
25410 336 74
∗∗∗
23011 369 60
14346 19 53
10366 96 100
∗∗∗
28629 180 88
11715 107 64
20459 142 54
∗∗∗
16318 196 60
10301 348 68
20043 2 13
∗∗∗
26902 112 53
32685 63 34
7288 76 76
∗∗∗
28513 290 49
2468 25 33
28558 84 38
∗∗∗
23570 256 28
27601 395 87
488 215 96
∗∗∗
21544 3 29
7338 179 35
22960 247 102
∗∗∗
7568 167 89
13489 352 83
1684 153 94
∗∗∗
20811 55 86
5963 66 91
26870 344 72
∗∗∗
27753 333 31
25149 159 98
7422 82 90
∗∗∗
13712 332 73
25065 111 98
2311 151 58
∗∗∗
4547 250 102
22770 226 34
259 66 80
∗∗∗
14632 93 22
15602 149 28
11521 303 68
∗∗∗
16112 227 27
25329 86 51
30488 167 32
∗∗∗
26381 122 31
29905 200 31
26373 37 47
∗∗∗
21041 295 79
27500 167 27
29268 144 33
∗∗∗
15723 230 21
15159 26 13
3974 102 62
∗∗∗
24965 293 20
19988 361 40
21830 142 58
∗∗∗
8593 72 36
26473 129 60
6046 132 39
∗∗∗
7002 387 82
27756 1 44
30093 186 36
∗∗∗
4940 69 59
28884 263 74
22316 272 20
∗∗∗
14017 237 100
13787 294 82
7935 88 113
∗∗∗
2386 326 87
11214 223 91
6162 145 97
∗∗∗
25753 31 102
32565 63 45
4947 41 7
∗∗∗
12912 380 50
10679 363 61
1069 9 32
∗∗∗
19214 353 23
29457 140 60
14711 189 84
∗∗∗
10684 359 22
24036 84 30
27228 87 50
∗∗∗
5759 343 35
27181 190 26
16781 47 16
∗∗∗
1951 119 68
338 202 32
13118 78 60
∗∗∗
17744 125 83
16804 28 42
32632 136 75
∗∗∗
3489 158 18
32699 317 49
3014 315 23
∗∗∗
32695 72 61
11684 200 65
627 88 30
∗∗∗
29518 67 11
22743 199 66
26172 263 65
∗∗∗
24428 142 33
455 378 86
28178 229 23
∗∗∗
3029 239 36
26874 120 34
17491 189 23
∗∗∗
19644 170 31
1945 223 35
7516 91 104
∗∗∗
12136 116 58
24314 280 57
9171 177 30
∗∗∗
5035 316 51
8522 146 71
30740 389 71
∗∗∗
32587 260 62
16655 284 5
14839 398 27
∗∗∗
774 248 68
1496 41 87
29792 197 8
∗∗∗
2568 62 100
14078 265 34
20590 322 64
∗∗∗
24070 9 52
16272 12 18
30736 399 84
∗∗∗
17977 76 22
5381 247 18
26428 311 99
∗∗∗
7160 43 10
31045 231 74
358 93 71
∗∗∗
29474 239 76
23021 178 49
6730 360 63
∗∗∗
3275 164 29
16934 197 84
32238 275 93
∗∗∗
3144 101 19
23448 305 32
5776 293 49
∗∗∗
219 368 55
29214 234 18
3477 158 11
∗∗∗
6414 125 90
11017 312 36
2489 174 23
∗∗∗
956 117 65
7475 86 55
11343 129 54
∗∗∗
21672 205 85
23435 143 60
20162 51 101
∗∗∗
19922 76 4
19233 366 24
4501 266 75
∗∗∗
7204 66 73
18485 145 18
12259 86 15
∗∗∗
32627 120 8
15874 350 90
31660 151 83
∗∗∗
21329 95 61
5228 242 33
11712 2 44
∗∗∗
15678 196 59
4531 208 64
10850 84 60
∗∗∗
1163 141 58
6722 339 66
30578 232 41
∗∗∗
4671 271 28
8042 165 61
23854 339 98
∗∗∗
6454 367 20
15124 343 67
21179 121 49
∗∗∗
7880 235 73
13019 56 84
9001 286 53
∗∗∗
6982 351 75
11505 102 101
23186 242 49
∗∗∗
10406 132 52
30800 363 15
3245 134 80
∗∗∗
12690 3 80
4852 230 71
27816 217 42
∗∗∗
15754 89 57
1514 188 9
12626 75 93
∗∗∗
15701 290 38
17712 312 40
21272 319 7
∗∗∗
4905 184 23
7104 191 33
12535 275 97
∗∗∗
25830 302 74
18883 4 75
12937 206 46
∗∗∗
12654 116 96
7544 366 70
17161 221 54
∗∗∗
7314 76 60
1409 329 46
1772 209 39
∗∗∗
25581 137 25
30513 83 88
14348 198 44
∗∗∗
9977 263 17
10571 98 57
3334 268 47
∗∗∗
8685 67 45
9588 21 19
29474 40 31
∗∗∗
15561 275 17
7355 67 56
21523 75 107
∗∗∗
30093 40 27
26159 61 70
1737 375 65
∗∗∗
15218 353 79
28400 345 93
13516 275 95
∗∗∗
12788 194 85
28951 234 62
23546 155 85
∗∗∗
32293 361 53
20758 64 79
16060 259 10
∗∗∗
6429 300 52
11863 170 22
8879 112 52
∗∗∗
24414 227 68
5225 159 108
21551 0 52
∗∗∗
12486 113 111
8592 203 53
5359 397 101
∗∗∗
25986 280 88
20283 42 85
2799 262 90
∗∗∗
11967 195 99
24004 157 52
18230 125 11
∗∗∗
12518 150 100
10957 43 60
32445 284 91
∗∗∗
2543 48 38
13500 281 19
7127 399 81
∗∗∗
7130 94 95
19042 295 98
30966 130 30
∗∗∗
12789 378 83
5953 137 102
28954 118 43
∗∗∗
14504 241 34
10544 360 91
29196 69 12
∗∗∗
17958 305 95
17130 77 26
24338 183 47
∗∗∗
8135 317 45
4365 356 63
29633 368 110
∗∗∗
5371 307 97
23466 71 103
20897 251 75
∗∗∗
29166 321 25
21768 302 35
29952 117 14
∗∗∗
26381 44 9
1028 349 76
15018 318 104
∗∗∗
26578 378 75
1809 324 45
31928 89 72
∗∗∗
23030 121 39
3065 229 31
14594 340 21
∗∗∗
4664 337 49
18172 346 50
31768 339 98
∗∗∗
26968 226 106
18412 266 68
16617 245 81
∗∗∗
10546 384 86
4235 218 84
23756 259 81
∗∗∗
3674 254 64
30447 112 80
26929 124 79
∗∗∗
30484 46 18
31949 172 27
26748 399 105
∗∗∗
18003 142 40
13057 18 57
22609 295 30
∗∗∗
31759 196 7
17557 380 45
16082 370 78
∗∗∗
31633 391 24
20908 379 87
12619 43 68
∗∗∗
12350 374 25
1985 368 87
6217 172 39
∗∗∗
8441 39 110
22392 349 92
178 58 85
∗∗∗
22927 187 37
29482 201 94
5872 237 90
∗∗∗
30304 304 56
1680 274 68
16363 288 102
∗∗∗
8722 342 59
18430 26 75
17035 220 20
∗∗∗
21134 182 17
27963 174 32
17715 237 59
∗∗∗
12787 366 66
21524 50 105
11140 279 44
∗∗∗
3513 133 95
8917 71 83
17106 226 68
∗∗∗
1305 48 97
889 301 31
27228 211 42
∗∗∗
9683 35 73
24365 173 86
4463 202 58
∗∗∗
9133 100 74
32633 349 93
9425 338 90
∗∗∗
26701 131 53
22181 158 63
24993 190 33
∗∗∗
20652 33 55
4927 28 27
3181 350 67
∗∗∗
6118 357 29
26567 264 81
31970 344 65
∗∗∗
19492 259 80
18983 370 45
19292 269 13
∗∗∗
1565 262 63
10858 254 11
9768 348 92
∗∗∗
1437 362 2
27315 257 84
12709 76 61
∗∗∗
8378 226 88
12872 385 15
17268 239 68
∗∗∗
17397 360 67
13134 310 93
10862 209 64
∗∗∗
1766 57 87
9063 317 47
7223 3 10
∗∗∗
21467 169 27
17099 11 50
6429 186 111
∗∗∗
8260 90 12
10793 314 7
4272 11 37
∗∗∗
4452 300 69
31309 244 6
23600 288 25
∗∗∗
26670 20 40
31459 290 57
19687 120 3
∗∗∗
2472 267 43
4091 280 66
28887 31 88
∗∗∗
26416 29 40
14603 26 68
12747 350 68
∗∗∗
19347 381 50
23234 16 61
32051 394 60
∗∗∗
23502 23 49
18453 301 56
21389 106 27
∗∗∗
7674 23 95
2461 313 98
19192 221 93
∗∗∗
23073 2 53
15669 186 66
3256 11 53
∗∗∗
31846 13 58
1006 162 26
13170 122 16
∗∗∗
4601 36 106
28461 207 88
1503 48 72
∗∗∗
22563 387 33
18941 361 37
14406 207 107
∗∗∗
8055 389 53
11367 211 89
29234 287 66
∗∗∗
10970 108 93
5314 181 43
5246 169 58
∗∗∗
20061 35 47
14545 84 101
1200 138 112
∗∗∗
26556 111 87
7443 223 66
5456 23 13
∗∗∗
32678 192 69
18056 66 92
1713 349 28
∗∗∗
30939 332 69
24181 141 85
19310 315 52
∗∗∗
399 243 26
16904 88 39
16702 369 31
∗∗∗
22650 360 38
16435 29 20
5580 238 45
∗∗∗
23845 228 37
13511 197 16
5344 101 71
∗∗∗
21990 185 76
25688 158 51
9331 14 62
∗∗∗
11390 175 93
13358 112 58
30047 356 82
∗∗∗
2737 300 44
26840 209 76
5978 97 55
∗∗∗
719 183 16
1923 72 38
26086 306 91
∗∗∗
31281 72 30
5908 397 98
12576 382 25
∗∗∗
3052 229 100
1129 341 33
12416 115 17
∗∗∗
9043 49 75
25632 227 45
16744 238 77
∗∗∗
2881 145 21
25939 259 68
6546 329 44
∗∗∗
22661 239 72
26093 45 52
15027 181 38
∗∗∗
24695 254 15
32419 311 62
18838 49 79
∗∗∗
5429 181 83
18471 221 91
1414 117 44
∗∗∗
6669 239 8
27491 226 49
18985 92 52
∗∗∗
8457 136 55
32707 168 93
32600 213 67
∗∗∗
29643 133 8
21602 278 76
13170 136 26
∗∗∗
1509 288 36
16600 314 7
6931 362 68
∗∗∗
32712 92 76
16898 388 58
22323 38 26
∗∗∗
11967 140 79
13313 7 38
8339 73 46
∗∗∗
10790 126 54
3300 204 86
9445 241 57
∗∗∗
31319 135 15
22892 63 92
8553 228 73
∗∗∗
28835 16 63
28970 8 11
1655 117 70
∗∗∗
27959 95 77
11264 269 16
12937 332 73
∗∗∗
29957 72 102
31607 346 21
29331 123 56
∗∗∗
19157 396 41
16411 258 67
23338 215 60
∗∗∗
21867 327 76
1792 216 27
2139 284 57
∗∗∗
29614 119 88
24762 20 17
25768 148 34
∗∗∗
16412 119 56
530 82 38
23762 359 98
∗∗∗
27510 198 76
6399 282 71
24894 84 59
∗∗∗
7713 389 44
29648 96 100
14905 54 105
∗∗∗
20426 185 27
24307 56 48
19069 123 41
∗∗∗
